                                            PC1           PC1           PC2           PC2           PC3           PC3           PC4           PC4
Fp1_Fp4_Fp5                             
Fp1_Fp4_Fp5                               1.305472e-01  1.305472e-01  1.817422e-01  1.817422e-01 -4.988369e-02 -4.988369e-02  9.717214e-01  9.717214e-01
Fp1_Fp4_Fp5_104200                      
Fp1_Fp4_Fp5_104200                        1.305472e-01  1.305472e-01  1.817422e-01  1.817422e-01 -4.988369e-02 -4.988369e-02 -5.118654e-02 -5.118654e-02
Fp1_Fp4_Fp5_104200_Fp3                  
Fp1_Fp4_Fp5_104200_Fp3                    1.199804e-01  1.199804e-01  1.022294e-01  1.022294e-01 -2.304914e-01 -2.304914e-01  6.058543e-03  6.058543e-03
Fp1_Fp4_Fp5_104200_Fp3_Fp2              
Fp1_Fp4_Fp5_104200_Fp3_Fp2               -4.316502e-02 -4.316502e-02  2.080593e-01  2.080593e-01 -1.860809e-01 -1.860809e-01 -5.115769e-02 -5.115769e-02
Fp4_Fp5                                 
Fp4_Fp5                                   1.305472e-01  1.305472e-01  1.817422e-01  1.817422e-01 -4.988369e-02 -4.988369e-02 -5.553559e-02 -5.553559e-02
Fp4_Fp5_104200                          
Fp4_Fp5_104200                            1.305472e-01  1.305472e-01  1.817422e-01  1.817422e-01 -4.988369e-02 -4.988369e-02 -5.553559e-02 -5.553559e-02
Fp4_Fp5_104200_Fp3                      
Fp4_Fp5_104200_Fp3                       -4.316502e-02 -4.316502e-02  2.080593e-01  2.080593e-01 -1.860809e-01 -1.860809e-01 -5.115769e-02 -5.115769e-02
Fp4_Fp5_104200_Fp3_Fp2                  
Fp4_Fp5_104200_Fp3_Fp2                   -4.316502e-02 -4.316502e-02  2.080593e-01  2.080593e-01 -1.860809e-01 -1.860809e-01 -5.115769e-02 -5.115769e-02
Fp5_104200                              
Fp5_104200                                1.405288e-47  1.405288e-47 -9.115883e-48 -9.115883e-48 -3.825398e-48 -3.825398e-48 -4.030289e-33 -4.030289e-33
Fp5_104200_Fp3                          
Fp5_104200_Fp3                           -1.737123e-01 -1.737123e-01  2.631712e-02  2.631712e-02 -1.361972e-01 -1.361972e-01  1.496513e-02  1.496513e-02
Fp5_104200_Fp3_Fp2                      
Fp5_104200_Fp3_Fp2                       -4.316502e-02 -4.316502e-02  2.080593e-01  2.080593e-01 -1.860809e-01 -1.860809e-01 -5.115769e-02 -5.115769e-02
X104200_Fp3                             
X104200_Fp3                              -1.737123e-01 -1.737123e-01  2.631712e-02  2.631712e-02 -1.361972e-01 -1.361972e-01  1.496513e-02  1.496513e-02
X104200_Fp3_Fp2                         
X104200_Fp3_Fp2                          -1.737123e-01 -1.737123e-01  2.631712e-02  2.631712e-02 -1.361972e-01 -1.361972e-01  1.496513e-02  1.496513e-02
Fp3_Fp2                                 
Fp3_Fp2                                  -1.737123e-01 -1.737123e-01  2.631712e-02  2.631712e-02 -1.361972e-01 -1.361972e-01  1.496513e-02  1.496513e-02
Fp1_Fp4_Fp2                             
Fp1_Fp4_Fp2                              -1.305472e-01 -1.305472e-01 -1.817422e-01 -1.817422e-01  4.988369e-02  4.988369e-02  5.553559e-02  5.553559e-02
Fp1_Fp4_Fp2_Fp5                         
Fp1_Fp4_Fp2_Fp5                          -1.305472e-01 -1.305472e-01 -1.817422e-01 -1.817422e-01  4.988369e-02  4.988369e-02  5.553559e-02  5.553559e-02
Fp1_Fp4_Fp2_Fp5_104200                  
Fp1_Fp4_Fp2_Fp5_104200                   -1.305472e-01 -1.305472e-01 -1.817422e-01 -1.817422e-01  4.988369e-02  4.988369e-02  5.553559e-02  5.553559e-02
Fp1_Fp4_Fp2_Fp5_104200_Fp3              
Fp1_Fp4_Fp2_Fp5_104200_Fp3               -1.305472e-01 -1.305472e-01 -1.817422e-01 -1.817422e-01  4.988369e-02  4.988369e-02  5.553559e-02  5.553559e-02
Fp4_Fp2                                 
Fp4_Fp2                                  -1.305472e-01 -1.305472e-01 -1.817422e-01 -1.817422e-01  4.988369e-02  4.988369e-02  5.553559e-02  5.553559e-02
Fp4_Fp2_Fp5                             
Fp4_Fp2_Fp5                              -1.305472e-01 -1.305472e-01 -1.817422e-01 -1.817422e-01  4.988369e-02  4.988369e-02  5.553559e-02  5.553559e-02
Fp4_Fp2_Fp5_104200                      
Fp4_Fp2_Fp5_104200                       -1.305472e-01 -1.305472e-01 -1.817422e-01 -1.817422e-01  4.988369e-02  4.988369e-02  5.553559e-02  5.553559e-02
Fp4_Fp2_Fp5_104200_Fp3                  
Fp4_Fp2_Fp5_104200_Fp3                   -1.305472e-01 -1.305472e-01 -1.817422e-01 -1.817422e-01  4.988369e-02  4.988369e-02  5.553559e-02  5.553559e-02
Fp2_Fp5                                 
Fp2_Fp5                                  -1.305472e-01 -1.305472e-01 -1.817422e-01 -1.817422e-01  4.988369e-02  4.988369e-02  5.553559e-02  5.553559e-02
Fp2_Fp5_104200                          
Fp2_Fp5_104200                           -1.305472e-01 -1.305472e-01 -1.817422e-01 -1.817422e-01  4.988369e-02  4.988369e-02  5.553559e-02  5.553559e-02
Fp2_Fp5_104200_Fp3                      
Fp2_Fp5_104200_Fp3                       -1.305472e-01 -1.305472e-01 -1.817422e-01 -1.817422e-01  4.988369e-02  4.988369e-02  5.553559e-02  5.553559e-02
Fp1_Fp4_Fp5_104200_21100                
Fp1_Fp4_Fp5_104200_21100                  1.737123e-01  1.737123e-01 -2.631712e-02 -2.631712e-02  1.361972e-01  1.361972e-01 -1.496513e-02 -1.496513e-02
Fp1_Fp4_Fp5_104200_21100_Fp2            
Fp1_Fp4_Fp5_104200_21100_Fp2              1.631454e-01  1.631454e-01 -1.058299e-01 -1.058299e-01 -4.441056e-02 -4.441056e-02 -4.717209e-03 -4.717209e-03
Fp1_Fp4_Fp5_104200_21100_Fp2_87100      
Fp1_Fp4_Fp5_104200_21100_Fp2_87100        1.631454e-01  1.631454e-01 -1.058299e-01 -1.058299e-01 -4.441056e-02 -4.441056e-02 -4.717209e-03 -4.717209e-03
Fp1_Fp4_Fp5_104200_21100_Fp2_87100_82100
Fp1_Fp4_Fp5_104200_21100_Fp2_87100_82100  1.631454e-01  1.631454e-01 -1.058299e-01 -1.058299e-01 -4.441056e-02 -4.441056e-02 -4.717209e-03 -4.717209e-03
Fp4_Fp5_104200_21100                    
Fp4_Fp5_104200_21100                      1.737123e-01  1.737123e-01 -2.631712e-02 -2.631712e-02  1.361972e-01  1.361972e-01 -1.496513e-02 -1.496513e-02
Fp4_Fp5_104200_21100_Fp2                
Fp4_Fp5_104200_21100_Fp2                  1.631454e-01  1.631454e-01 -1.058299e-01 -1.058299e-01 -4.441056e-02 -4.441056e-02 -4.717209e-03 -4.717209e-03
Fp4_Fp5_104200_21100_Fp2_87100          
Fp4_Fp5_104200_21100_Fp2_87100            1.631454e-01  1.631454e-01 -1.058299e-01 -1.058299e-01 -4.441056e-02 -4.441056e-02 -4.717209e-03 -4.717209e-03
Fp4_Fp5_104200_21100_Fp2_87100_82100    
Fp4_Fp5_104200_21100_Fp2_87100_82100      1.631454e-01  1.631454e-01 -1.058299e-01 -1.058299e-01 -4.441056e-02 -4.441056e-02 -4.717209e-03 -4.717209e-03
Fp5_104200_21100                        
Fp5_104200_21100                          1.737123e-01  1.737123e-01 -2.631712e-02 -2.631712e-02  1.361972e-01  1.361972e-01 -1.496513e-02 -1.496513e-02
Fp5_104200_21100_Fp2                    
Fp5_104200_21100_Fp2                      1.631454e-01  1.631454e-01 -1.058299e-01 -1.058299e-01 -4.441056e-02 -4.441056e-02 -4.717209e-03 -4.717209e-03
Fp5_104200_21100_Fp2_87100              
Fp5_104200_21100_Fp2_87100                1.631454e-01  1.631454e-01 -1.058299e-01 -1.058299e-01 -4.441056e-02 -4.441056e-02 -4.717209e-03 -4.717209e-03
Fp5_104200_21100_Fp2_87100_82100        
Fp5_104200_21100_Fp2_87100_82100          1.631454e-01  1.631454e-01 -1.058299e-01 -1.058299e-01 -4.441056e-02 -4.441056e-02 -4.717209e-03 -4.717209e-03
X104200_21100                           
X104200_21100                             1.737123e-01  1.737123e-01 -2.631712e-02 -2.631712e-02  1.361972e-01  1.361972e-01 -1.496513e-02 -1.496513e-02
X104200_21100_Fp2                       
X104200_21100_Fp2                         1.631454e-01  1.631454e-01 -1.058299e-01 -1.058299e-01 -4.441056e-02 -4.441056e-02 -4.717209e-03 -4.717209e-03
X104200_21100_Fp2_87100                 
X104200_21100_Fp2_87100                   1.631454e-01  1.631454e-01 -1.058299e-01 -1.058299e-01 -4.441056e-02 -4.441056e-02 -4.717209e-03 -4.717209e-03
X104200_21100_Fp2_87100_82100           
X104200_21100_Fp2_87100_82100             1.631454e-01  1.631454e-01 -1.058299e-01 -1.058299e-01 -4.441056e-02 -4.441056e-02 -4.717209e-03 -4.717209e-03
X21100_Fp2                              
X21100_Fp2                                1.631454e-01  1.631454e-01 -1.058299e-01 -1.058299e-01 -4.441056e-02 -4.441056e-02 -4.717209e-03 -4.717209e-03
X21100_Fp2_87100                        
X21100_Fp2_87100                          1.631454e-01  1.631454e-01 -1.058299e-01 -1.058299e-01 -4.441056e-02 -4.441056e-02 -4.717209e-03 -4.717209e-03
X21100_Fp2_87100_82100                  
X21100_Fp2_87100_82100                    1.631454e-01  1.631454e-01 -1.058299e-01 -1.058299e-01 -4.441056e-02 -4.441056e-02 -4.717209e-03 -4.717209e-03
Fp2_87100                               
Fp2_87100                                 1.631454e-01  1.631454e-01 -1.058299e-01 -1.058299e-01 -4.441056e-02 -4.441056e-02 -4.717209e-03 -4.717209e-03
Fp2_87100_82100                         
Fp2_87100_82100                           1.631454e-01  1.631454e-01 -1.058299e-01 -1.058299e-01 -4.441056e-02 -4.441056e-02 -4.717209e-03 -4.717209e-03
X87100_82100                            
X87100_82100                              1.631454e-01  1.631454e-01 -1.058299e-01 -1.058299e-01 -4.441056e-02 -4.441056e-02 -4.717209e-03 -4.717209e-03
Fp1_Fp4_Fp5_104200_21100_87100          
Fp1_Fp4_Fp5_104200_21100_87100            1.056686e-02  1.056686e-02  7.951277e-02  7.951277e-02  1.806077e-01  1.806077e-01 -4.380623e-03 -4.380623e-03
Fp1_Fp4_Fp5_104200_21100_87100_Fp2      
Fp1_Fp4_Fp5_104200_21100_87100_Fp2        1.056686e-02  1.056686e-02  7.951277e-02  7.951277e-02  1.806077e-01  1.806077e-01 -4.380623e-03 -4.380623e-03
Fp1_Fp4_Fp5_104200_21100_87100_Fp2_82100
Fp1_Fp4_Fp5_104200_21100_87100_Fp2_82100  1.056686e-02  1.056686e-02  7.951277e-02  7.951277e-02  1.806077e-01  1.806077e-01 -4.380623e-03 -4.380623e-03
Fp4_Fp5_104200_21100_87100              
Fp4_Fp5_104200_21100_87100                1.056686e-02  1.056686e-02  7.951277e-02  7.951277e-02  1.806077e-01  1.806077e-01 -4.380623e-03 -4.380623e-03
Fp4_Fp5_104200_21100_87100_Fp2          
Fp4_Fp5_104200_21100_87100_Fp2            1.056686e-02  1.056686e-02  7.951277e-02  7.951277e-02  1.806077e-01  1.806077e-01 -4.380623e-03 -4.380623e-03
Fp4_Fp5_104200_21100_87100_Fp2_82100    
Fp4_Fp5_104200_21100_87100_Fp2_82100      1.056686e-02  1.056686e-02  7.951277e-02  7.951277e-02  1.806077e-01  1.806077e-01 -4.380623e-03 -4.380623e-03
Fp5_104200_21100_87100                  
Fp5_104200_21100_87100                    1.056686e-02  1.056686e-02  7.951277e-02  7.951277e-02  1.806077e-01  1.806077e-01 -4.380623e-03 -4.380623e-03
Fp5_104200_21100_87100_Fp2              
Fp5_104200_21100_87100_Fp2                1.056686e-02  1.056686e-02  7.951277e-02  7.951277e-02  1.806077e-01  1.806077e-01 -4.380623e-03 -4.380623e-03
Fp5_104200_21100_87100_Fp2_82100        
Fp5_104200_21100_87100_Fp2_82100          1.056686e-02  1.056686e-02  7.951277e-02  7.951277e-02  1.806077e-01  1.806077e-01 -4.380623e-03 -4.380623e-03
X104200_21100_87100                     
X104200_21100_87100                       1.056686e-02  1.056686e-02  7.951277e-02  7.951277e-02  1.806077e-01  1.806077e-01 -4.380623e-03 -4.380623e-03
X104200_21100_87100_Fp2                 
X104200_21100_87100_Fp2                   1.056686e-02  1.056686e-02  7.951277e-02  7.951277e-02  1.806077e-01  1.806077e-01 -4.380623e-03 -4.380623e-03
X104200_21100_87100_Fp2_82100           
X104200_21100_87100_Fp2_82100             1.056686e-02  1.056686e-02  7.951277e-02  7.951277e-02  1.806077e-01  1.806077e-01 -4.380623e-03 -4.380623e-03
X21100_87100                            
X21100_87100                              1.056686e-02  1.056686e-02  7.951277e-02  7.951277e-02  1.806077e-01  1.806077e-01 -4.380623e-03 -4.380623e-03
X21100_87100_Fp2                        
X21100_87100_Fp2                          1.056686e-02  1.056686e-02  7.951277e-02  7.951277e-02  1.806077e-01  1.806077e-01 -4.380623e-03 -4.380623e-03
X21100_87100_Fp2_82100                  
X21100_87100_Fp2_82100                    1.056686e-02  1.056686e-02  7.951277e-02  7.951277e-02  1.806077e-01  1.806077e-01 -4.380623e-03 -4.380623e-03
X87100_Fp2                              
X87100_Fp2                                1.056686e-02  1.056686e-02  7.951277e-02  7.951277e-02  1.806077e-01  1.806077e-01 -4.380623e-03 -4.380623e-03
X87100_Fp2_82100                        
X87100_Fp2_82100                          1.056686e-02  1.056686e-02  7.951277e-02  7.951277e-02  1.806077e-01  1.806077e-01 -4.380623e-03 -4.380623e-03
Fp2_82100                               
Fp2_82100                                 1.056686e-02  1.056686e-02  7.951277e-02  7.951277e-02  1.806077e-01  1.806077e-01 -4.380623e-03 -4.380623e-03

