4100 -1 6100 -1 86100 -1 -2
4200 -1 6200 -1 4200 -1 107200 -1 108200 -1 102200 -1 104200 -1 21100 -1 87100 -1 82100 -1 -2
2300 -1 1300 -1 1300 -1 -2

4100 -1 6100 -1 86100 -1 -2
4200 -1 6200 -1 4200 -1 2300 -1 1300 -1 1300 -1 -2
107200 -1 108200 -1 102200 -1 104200 -1 21100 -1 87100 -1 82100 -1 -2

4100 -1 6100 -1 86100 -1 -2
4200 -1 6200 -1 4200 -1 2300 -1 1300 -1 1300 -1 -2
107200 -1 108200 -1 102200 -1 104200 -1 21100 -1 87100 -1 82100 -1 -2

4100 -1 6100 -1 86100 -1 -2
4200 -1 6200 -1 4200 -1 107200 -1 108200 -1 102200 -1 104200 -1 2300 -1 1300 -1 1300 -1 -2
21100 -1 87100 -1 82100 -1 -2

4100 -1 6100 -1 86100 -1 -2
4200 -1 6200 -1 4200 -1 107200 -1 108200 -1 102200 -1 -2
104200 -1 21100 -1 2300 -1 1300 -1 1300 -1 87100 -1 82100 -1 -2

4100 -1 6100 -1 86100 -1 -2
4200 -1 6200 -1 4200 -1 107200 -1 108200 -1 102200 -1 -2
104200 -1 21100 -1 2300 -1 1300 -1 1300 -1 87100 -1 82100 -1 -2

4100 -1 6100 -1 86100 -1 -2
4200 -1 6200 -1 4200 -1 107200 -1 108200 -1 102200 -1 104200 -1 2300 -1 1300 -1 1300 -1 -2
21100 -1 87100 -1 82100 -1 -2

4100 -1 6100 -1 86100 -1 -2
4200 -1 6200 -1 4200 -1 107200 -1 108200 -1 102200 -1 104200 -1 2300 -1 1300 -1 1300 -1 -2
21100 -1 87100 -1 82100 -1 -2

4100 -1 6100 -1 86100 -1 -2
4200 -1 6200 -1 4200 -1 107200 -1 108200 -1 102200 -1 -2
104200 -1 21100 -1 2300 -1 1300 -1 1300 -1 87100 -1 82100 -1 -2

4100 -1 6100 -1 86100 -1 -2
4200 -1 6200 -1 4200 -1 107200 -1 108200 -1 102200 -1 104200 -1 -2
21100 -1 87100 -1 2300 -1 1300 -1 1300 -1 82100 -1 -2

FP1: 4100 -1 6100 -1 86100
Fp2: 2300 -1 1300 -1 1300
Fp3: 21100 -1 87100 -1 82100
fp4: 4200 -1 6200 -1 4200
fp5: 107200 -1 108200 -1 102200