 12100_83100 12100_83100_90100 12100_83100_90100_3100 12100_83100_90100_3100_3100 12100_83100_90100_3100_3100_231100 83100_90100 83100_90100_3100 83100_90100_3100_3100 83100_90100_3100_3100_231100 90100_3100 90100_3100_3100 90100_3100_3100_231100 3100_3100 3100_3100_231100 3100_231100 4200_268200 12100_83100_86300 12100_83100_86300_268200 12100_83100_86300_268200_90100 12100_83100_86300_268200_90100_3100 12100_83100_86300_268200_90100_3100_231100 83100_86300 83100_86300_268200 83100_86300_268200_90100 83100_86300_268200_90100_3100 83100_86300_268200_90100_3100_231100 86300_268200 86300_268200_90100 86300_268200_90100_3100 86300_268200_90100_3100_231100 268200_90100 268200_90100_3100 268200_90100_3100_231100
1 101 101 101 101 101 101 101 101 101 101 101 101 101 101 101 101 100 100 100 100 100 100 100 100 100 100 100 100 100 100 100 100 100
2 100 100 100 100 100 100 100 100 100 100 100 100 100 100 100 101 100 100 100 100 100 100 100 100 100 100 100 100 100 100 100 100 100
3 100 100 100 100 100 100 100 100 100 100 100 100 100 100 100 101 100 100 100 100 100 100 100 100 100 100 100 100 100 100 100 100 100
4 101 100 100 100 100 100 100 100 100 100 100 100 100 100 100 100 101 101 101 101 101 101 101 101 101 101 101 101 101 101 101 101 101
5 101 101 101 101 101 101 101 101 101 101 101 101 101 101 101 101 100 100 100 100 100 100 100 100 100 100 100 100 100 100 100 100 100
6 100 100 100 100 100 100 100 100 100 100 100 100 100 100 100 101 100 100 100 100 100 100 100 100 100 100 100 100 100 100 100 100 100
7 101 101 101 101 101 101 101 101 101 101 101 101 101 101 101 101 100 100 100 100 100 100 100 100 100 100 100 100 100 100 100 100 100
8 100 100 100 100 100 100 100 100 100 100 100 100 100 100 100 101 100 100 100 100 100 100 100 100 100 100 100 100 100 100 100 100 100

