 12100_83100 12100_83100_90100 12100_83100_90100_3100 12100_83100_90100_3100_3100 12100_83100_90100_3100_3100_231100 83100_90100 83100_90100_3100 83100_90100_3100_3100 83100_90100_3100_3100_231100 90100_3100 90100_3100_3100 90100_3100_3100_231100 3100_3100 3100_3100_231100 3100_231100 4200_268200 4300_6300 4300_6300_86300 6300_86300 12100_83100_86300 12100_83100_86300_268200 12100_83100_86300_268200_90100 12100_83100_86300_268200_90100_3100 12100_83100_86300_268200_90100_3100_231100 83100_86300 83100_86300_268200 83100_86300_268200_90100 83100_86300_268200_90100_3100 83100_86300_268200_90100_3100_231100 86300_268200 86300_268200_90100 86300_268200_90100_3100 86300_268200_90100_3100_231100 268200_90100 268200_90100_3100 268200_90100_3100_231100 231100_4300 231100_4300_6300 231100_4300_6300_86300
1 11 11 11 11 11 11 11 11 11 11 11 11 11 11 10 10 10 10 10 10 10 10 10 10 10 10 10 10 10 10 10 10 10 10
2 10 10 10 10 10 10 10 10 10 10 10 10 10 10 11 10 10 10 10 10 10 10 10 10 10 10 10 10 10 10 10 10 10 10
3 10 10 10 10 10 10 10 10 10 10 10 10 10 10 10 11 11 11 10 10 10 10 10 10 10 10 10 10 10 10 10 10 10 10
4 10 10 10 10 10 10 10 10 10 10 10 10 10 10 11 10 10 10 10 10 10 10 10 10 10 10 10 10 10 10 10 10 10 10
5 10 10 10 10 10 10 10 10 10 10 10 10 10 10 10 10 10 10 11 11 11 11 11 11 11 11 11 11 11 11 11 10 10 10
6 11 11 11 11 11 10 11 11 11 11 10 11 11 11 10 11 11 10 10 10 10 10 10 10 10 10 10 10 10 10 10 10 10 10
7 10 10 10 10 10 10 10 10 10 10 10 10 10 10 11 10 10 10 10 10 10 10 10 10 10 10 10 10 10 10 10 10 10 10
8 10 10 10 10 10 10 10 10 10 10 10 10 10 10 10 11 10 10 10 10 10 10 10 10 10 10 10 10 10 10 10 10 10 10
9 11 11 11 11 10 11 11 11 10 11 11 10 11 10 10 10 10 10 10 10 10 10 10 10 10 10 10 10 10 10 10 10 10 10
10 10 10 10 10 10 10 10 10 10 10 10 10 10 10 10 11 11 11 10 10 10 10 10 10 10 10 10 10 10 10 10 11 11 11
11 10 10 10 10 10 10 10 10 10 10 10 10 10 10 11 10 10 10 10 10 10 10 10 10 10 10 10 10 10 10 10 10 10 10





 