12100 -1 83100 -1 90100 -1 3100 -1 3100 -1 231100 -1 -2 
4200 -1 268200 -1 -2
4300 -1 6300 -1 86300 -1 -2
4300 -1 6300 -1 -2
4200 -1 -2
12100 -1 83100 -1 86300 -1 268200 -1 90100 -1 3100 -1 3100 -1 231100 -1 -2
12100 -1 83100 -1 90100 -1 3100 -1 3100 -1 231100 -1 -2 
4200 -1 268200 -1 -2
4300 -1 6300 -1 86300 -1 -2
12100 -1 83100 -1 90100 -1 3100 -1 3100 -1 231100 -1 -2 
4200 -1 268200 -1 -2
4300 -1 6300 -1 -2
12100 -1 83100 -1 90100 -1 3100 -1 3100 -1 231100 -1 86300-1 -2 
4200 -1 268200 -1 -2
4300 -1 6300 -1 -2
12100 -1 83100 -1 90100 -1 3100 -1 3100 -1 231100 -1 86300-1 -2 
4200 -1 268200 -1 -2
4300 -1 6300 -1 -2
12100 -1 83100 -1 90100 -1 3100 -1 3100 -1 231100 -1 86300-1 -2 
4200 -1 268200 -1 -2
4300 -1 6300 -1 -2
12100 -1 83100 -1 90100 -1 3100 -1 3100 -1 231100 -1 86300-1 -2 
4200 -1 268200 -1 -2
4300 -1 6300 -1 -2
12100 -1 83100 -1 90100 -1 3100 -1 3100 -1 -2
231100 -1 4300 -1 6300 -1 86300-1 -2 
4200 -1 268200 -1 -2
12100 -1 83100 -1 90100 -1 3100 -1 3100 -1 -2
231100 -1 4300 -1 6300 -1 86300-1 -2 
4200 -1 268200 -1 -2
12100 -1 83100 -1 90100 -1 3100 -1 3100 -1 -2
231100 -1 4300 -1 6300 -1 86300-1 -2 
4200 -1 268200 -1 -2
12100 -1 83100 -1 90100 -1 3100 -1 3100 -1 -2
231100 -1 4300 -1 6300 -1 86300-1 -2 
4200 -1 268200 -1 -2
12100 -1 83100 -1 90100 -1 3100 -1 3100 -1 -2
231100 -1 4300 -1 6300 -1 86300-1 -2 
4200 -1 268200 -1 -2
